"id","area","circularity","eccentricity","majorAxisLength","minoAxisLength","orientation","perimeter","spores"
1,54,0.602634809482413,0.296566863661599,13.0199129422864,7.06983400415739,-0.445117163981108,29,0
2,45,0.685194629013845,0.301586038729201,11.1627370617013,6.02183004524278,-0.113942413878777,24,0
3,47,0.687331412114735,0.296713138636824,11.4321038370005,6.20646602431786,0.0247633677130926,26,0
4,38,0.602947303547946,0.416975516494742,11.7467682573982,5.45006295371932,-0.00542344672639232,24,0
5,80,0.241444928673884,0.42311412921504,26.2130222983128,12.0629582602344,1.45586682397339,55,0
6,81,0.267390445832461,0.510373885461382,26.1231153778828,10.662129183365,-1.55775122157907,53,0
7,183,0.25057578186567,0.628172615820002,32.3615264750049,11.0083627883409,1.45426682239843,76,0
8,145,0.376620805730096,0.592210623576444,25.2876668677413,9.1256399830136,-1.41262744458826,63,0
9,633,0.254974846107553,0.956943446582391,89.4028856335303,9.37763482160974,-1.55794009059736,170,0
10,453,0.279834999594657,0.929073034713907,67.0550194560545,9.09329066316372,-1.55564347066445,136,0
11,150,0.677984569479475,0.541832100281545,22.4195165364404,8.74109263733642,-1.5108815932042,49,0
12,49,0.614427196410507,0.785262797444227,15.9021294297244,3.90690251526268,-1.50557507124611,30,0
13,54,0.472429250314396,0.807442746903443,17.5542884173739,4.0572772429359,-1.5392483990051,34,0
14,56,0.112554453474501,0.99183723580816,44.017208056821,1.99250815809631,-1.5423833653252,53,0
15,1,12.5663706143592,NA,0,0,0,1,0
16,537,0.188486943812248,0.972425855413312,93.7449634215867,7.83780108396641,-1.5659192970808,181,0
17,87,1.05822899810912,0.0182265948654652,11.2567839317233,9.82702000539567,-0.666038255559652,28,0
18,2,3.14159265358979,1,2.82842712474619,0,-0.785398163397448,2,0
19,51,0.504073641653951,0.829604913938845,17.4582899266462,3.77145542266873,-1.55142043832935,34,0
20,301,0.119786785365732,0.844701944408456,51.3432882682368,10.5432465013491,-1.52712978166392,144,0
21,33,0.602155608332271,0.82564838819886,13.7132753883499,3.00004271109012,-1.51999854767727,25,0
22,240,0.786073075129931,0.0343407648410596,19.2707438833666,15.9763483925291,0.507129535358807,52,1
23,31,0.406137755483797,0.542956517449005,13.245464122343,5.15563507278242,1.39113609379224,24,0
24,62,1.09061423284684,0.000346891362020918,8.96426017348093,8.7988269012812,0.785398163397441,23,0
25,217,0.197322867235688,0.976318547774732,64.7144129824333,5.009213077242,-1.56928345667222,113,0
26,3,3.23407250671588,0.25,2.3094010767585,1.33333333333333,0.785398163397448,3,0
27,3,2.35619449019234,1,3.2659863237109,0,1.5707963267949,3,0
28,117,0.417912699647809,0.805587838860152,27.897282955748,6.48233444550836,-1.55216199518577,56,0
29,211,1.01094710950674,0.011692386419867,17.3177475664927,15.5362513274102,0.886703027888561,45,1
30,433,0.239822376832108,0.900613010154086,60.7468391671256,9.82596481687736,-1.55308254117512,144,0
31,1,12.5663706143592,NA,0,0,0,1,0
32,29,0.77699301469532,0.730749219562955,11.2648369595009,3.15135438863334,1.5707963267949,20,0
33,2,6.28318530717959,1,2,0,0,2,0
34,31,0.770504012511766,0.642227063802856,10.918697216922,3.62548946680874,1.56169215253924,20,0
35,141,0.596857397079264,0.490377452765135,21.3791879242524,8.97630793775708,1.49176850394382,50,0
36,267,0.858197341093098,0.019961310132171,19.822710607753,17.194546737337,0.344590517550932,53,1
37,2,6.28318530717959,1,2,0,1.5707963267949,2,0
38,201,0.932618724627135,0.0088156903454956,16.8001444135517,15.2902932456273,0.908474288655441,45,1
39,47,1.14337386002595,0.0169914171838174,8.25136997007035,7.23754608526614,-0.78539816339745,19,0
40,196,0.204830379353372,0.97723430580346,57.2663558851667,4.34513353354704,-1.5642774742372,105,0
41,304,0.821715492784606,0.0257355450243458,21.3963374130242,18.1995869604127,0.90299501345603,57,1
42,2,6.28318530717959,1,2,0,1.5707963267949,2,0
43,83,0.304926233343996,0.941369741505336,29.6286101583818,3.64126752956155,1.54087214927388,55,0
44,3,1.61703625335794,0.8125,3.67708852834268,0.837402040213008,0.491396861623665,3,0
45,271,0.425560899899485,0.778084717738586,39.489590912303,9.8840651208659,-1.55991066363144,82,0
46,130,0.989725575242221,0.00363836935602919,13.2694456298747,12.4917928896887,-0.195387064036871,34,0
47,10,0.763594938853322,0.810650887573965,7.02918201652506,1.60953414954786,1.39641082500294,10,0
48,176,0.862881168760584,0.205876050494568,19.2527609275363,11.8018942998073,0.688616633090575,44,0
49,2,6.28318530717959,1,2,0,1.5707963267949,2,0
50,241,0.789348379609639,0.011969326020443,18.5968813322789,16.6623189629881,0.541175906343838,52,1
51,1,12.5663706143592,NA,0,0,0,1,0
52,1,12.5663706143592,NA,0,0,0,1,0
53,298,0.256927550624818,0.944178054387298,58.4671026425616,7.00609156814071,1.54693519218864,117,0
54,9,0.441786466911065,1,10.3279555898864,0,1.5707963267949,9,0
55,209,0.62139322529705,0.45549551704774,25.0574637421444,11.0394617737973,0.920276174215011,53,0
56,9,1.76714586764426,0,3.2659863237109,3.2659863237109,0,8,0
57,20,1.34753021113162,0.00699988889065256,5.21536192416212,4.79583152331272,0.463647609000805,12,0
58,1,12.5663706143592,NA,0,0,0,1,0
59,1,12.5663706143592,NA,0,0,0,1,0
60,5,0.98174770424681,1,5.65685424949238,0,1.5707963267949,5,0
61,85,0.548178638894441,0.347251463929216,15.7826991089728,8.02331208811621,1.5563840467504,39,0
62,49,0.583489007204148,0.529080213667407,13.7632141935154,5.4677128903459,-1.46806796174388,30,0
63,61,0.598133537436313,0.00103705228897584,9.71186110711277,9.40398464357797,1.40483804541186,29,0
64,172,0.74008469405035,0.0724526108513615,18.0221080824496,13.6758323479973,0.202906720604807,47,0
65,281,0.205097849625901,0.958531466190154,66.5786377821679,6.85075303984189,-1.56409624325574,124,0
66,3,2.35619449019234,1,3.2659863237109,0,0,3,0
67,1,12.5663706143592,NA,0,0,0,1,0
68,1,12.5663706143592,NA,0,0,0,1,0
69,3,3.23407250671588,0.25,2.3094010767585,1.33333333333333,-0.785398163397448,3,0
70,131,0.916349967382446,0.00543768120075992,13.4564736017353,12.4982116632978,1.44141514417816,37,0
71,174,1.04243098886639,0.0023295304671114,15.2591798116114,14.5396374367001,1.55644973760152,40,0
72,219,0.826656646310765,0.0368679887368715,18.5969780807156,15.311059639902,0.450631803744793,49,0
73,10,0.512626256238611,0.884869732876974,9.13079428806475,1.59643216863233,-1.26746057968061,10,0
74,158,0.594328359506704,0.556586260484596,23.4930461840521,8.95958622125682,-1.5500331929163,52,0
75,155,0.549142968493701,0.675006480274465,25.5934072400759,8.00968346794938,1.5611115875027,55,0
76,34,0.413560757881726,0.287527736188335,11.5963237839447,6.37165120339938,-0.317931921400295,26,0
77,37,0.830802126973962,0.50048591654508,10.8810166812104,4.503967784144,-0.0226413207878889,22,0
78,51,0.789839797522126,0.545481728980525,12.8938002536926,4.99994344302868,-0.00113230361264059,26,0
79,172,0.251372205358053,0.958325757389627,47.3814996910798,4.88775898992819,0.0102331456863115,89,0
80,14,1.50040030423924,0.000448442906574391,4.20883424647321,4.1206300291017,0,10,0
81,49,0.500619734871205,0.827594534608063,17.15311217912,3.72947962710276,0.0421747188137192,33,0
82,41,0.609637610811579,0.736368412482442,13.7763131873258,3.8067835078448,-0.0137390723000307,27,0
83,93,0.737817095131039,0.367496531993846,15.6638278932941,7.75578393712752,-1.54015204889996,34,0
84,4,1.39626340159546,1,4.47213595499958,0,0,4,0
85,12,1.00609943053523,0.538,6.20660013003306,2.43363088210147,-0.096024008620365,11,0
86,2,3.14159265358979,1,2.82842712474619,0,-0.785398163397448,2,0
87,39,0.686031533564947,0.364602723355358,11.1546172335776,5.54396903043067,1.44866100639174,23,0
88,68,0.633470011818479,0.597457928689437,15.6555769945418,5.60244036413755,0.0281875370219159,32,0
89,12,1.28605740363363,0.299936015657345,5.29432878576362,2.86222027986264,0.0844159510055604,10,0
90,6,1.61703625335794,0.37180249851279,3.82970843102535,1.88561808316413,-0.927295218001612,6,0
91,138,0.396398975585981,0.856503675375995,30.039196036571,5.90977363642788,0.00637913722368008,59,0
92,69,0.561010420887373,0.750326457704523,18.2378186477313,4.88312389037748,-0.0220469272138755,36,0
93,2,6.28318530717959,1,2,0,0,2,0
94,22,0.637264307313611,0.80256595126196,10.9710362483968,2.5712973861329,0,20,0
95,28,1.05728601309955,0.151806542317523,7.48495280088564,4.96065868909953,0.138168301362093,17,0
96,101,0.427536149680891,0.887229871582967,27.3996636104786,4.73815173989514,0.0556917757254369,52,0
97,52,0.531269922720462,0.796419136570545,16.6104624126391,3.96033513918154,-0.00286510268813986,33,0
98,233,0.972511961117976,0.00644385828218251,17.9325465771366,16.546433273057,1.26783405607062,47,1
99,223,0.939060115882347,0.0352476621459328,18.5626839716551,15.3506224051475,1.22513351182978,48,1
100,15,1.01064765834871,0.515469030938062,6.82241229518027,2.76430047954988,-1.38563461194351,12,0
101,36,0.89477885323947,0.322330905306972,9.79795897113271,5.1448164012401,1.5707963267949,20,0
102,204,0.660820118777823,0.40449022400356,23.7163403467875,11.1869070063051,0.357630919114151,54,0
103,179,0.534532759651102,0.574623295313181,25.7064091905983,9.53673543490405,1.56937764354037,57,0
104,236,0.816044489476841,0.0184010942715494,18.6343096663802,16.2568198743551,0.751883375431647,52,1
105,204,0.58776599518127,0.534831675067834,26.434322782176,10.4134693058884,1.5570371167052,59,0
106,164,0.737282869872733,0.297231312822158,20.1272832596837,10.9196742604836,0.283995600638291,45,0
107,189,0.677383406998621,0.476032571907783,24.0886726647029,10.3178893835068,-1.55663958526263,53,0
108,263,0.401498275075223,0.897155484770445,45.3867279184266,7.47502570269809,0.0241801100238559,87,0
109,112,0.495165183446925,0.505114925610917,20.1936059299798,8.30402311851607,-1.44224205752476,50,0
110,106,0.67310535479837,0.614252292192745,19.7509615517621,6.87713837280853,0.00541684765030418,42,0
111,130,0.477595305237584,0.832137501566824,28.3628661610087,6.07701173714638,-0.0157705625806635,56,0
112,170,0.397455406150735,0.878411181719747,35.5807642319546,6.40441662528287,0.0465684943007515,70,0
113,189,0.216544269295898,0.950905254280786,47.7882620292549,5.36092885651678,-0.00665761991118988,91,0
114,109,0.503800660031528,0.790092381254373,24.0605501280398,5.83602657776056,0.00150030198491687,48,0
115,33,0.83820666823948,0.49582733998015,10.1294519475731,4.22053740940381,0.0909496236785239,21,0
116,22,1.16356272814662,0.038701926032508,5.93542754522695,4.86279065076961,-1.05683160174058,15,0
117,10,1.61229011439541,0.0532544378698225,3.91918358845308,3.09838667696593,0,8,0
118,27,0.808518126678971,0.574589841700459,9.64909159414142,3.57987016040322,-0.0575323033757912,18,0
119,74,0.419694698079211,0.903195681779977,24.5033379838532,3.90891728862237,0.0330407748443027,45,0
120,246,0.411544614850653,0.477715313021249,31.9068969385337,13.6348722045656,-0.990117381336166,72,0
121,1,12.5663706143592,NA,0,0,0,1,0
122,1,12.5663706143592,NA,0,0,0,1,0
123,2,6.28318530717959,1,2,0,1.5707963267949,2,0
124,16,0.762108091042153,0.666682967382268,8.05854264903888,2.5612282939288,0.143267383478797,14,0
125,33,0.740985680814615,0.404735930191584,9.97012237914975,4.70134326798984,0.0428175748768284,22,0
126,1,12.5663706143592,NA,0,0,0,1,0
127,21,0.792964509824665,0.67173545799568,9.16011239300367,2.88428471499523,-0.0567597526555328,17,0
128,62,0.549431403735454,0.817663786172831,18.5924021943061,4.16915985068478,0,36,0
129,48,0.601887865871517,0.771439316436273,15.5438561121772,3.95631470598857,0.035526732697548,30,0
130,29,1.00197720430288,0.423706255295043,8.86835604412446,4.07790536970254,0.0991189084500721,17,0
131,5,1.61229011439541,0.61734693877551,4,1.3856406460551,0.785398163397448,5,0
132,122,0.505501792448319,0.810878440603934,26.1642874324026,5.98706984880347,-0.000551802995989808,53,0
133,298,0.200314183373955,0.968691551599059,66.3684856974932,5.91837631072269,0.0101273570625107,133,0
134,73,1.00968216494592,0.0459364466330038,10.8456975954404,8.72388982558238,0.456734740659037,26,0
135,7,1.60021273027537,0.42578125,4.15537470567874,1.90547113310037,0.145728397238934,7,0
136,86,0.315947663464864,0.951215718125304,31.713202720211,3.54606231971671,-0.00938225915163951,56,0
137,276,0.20401644400823,0.977409933683472,70.660000206573,5.34042867292027,-0.00814367030824487,125,0
138,58,0.634236748574114,0.691142068982881,15.7121891276888,4.76809425282752,-0.000721484910390716,31,0
139,47,0.805929306277077,0.151025290047974,10.0504505155551,6.66882892277501,-0.159092753555762,25,0
140,254,0.371212442796195,0.915498344893274,47.2453197292933,7.01845042973247,0.0302388031254764,89,0
141,10,0.964534743452693,0.71017992996015,6.34389807509833,1.85336375619134,-0.105091293331085,10,0
142,77,0.459287658582254,0.832012740155674,21.6102121053286,4.63207787929585,-0.0145930240520224,43,0
143,2,6.28318530717959,1,2,0,1.5707963267949,2,0
144,137,0.788456056342662,0.189613111140081,16.9989545380294,10.6605986522371,0.859899158263959,43,0
145,305,0.460674619993377,0.767241881897946,40.0716894653369,10.3056398344094,-1.54485787354155,85,0
146,173,0.52607361112896,0.449052623017213,23.7046416988193,10.535189883843,-1.56131354200342,56,0
147,208,0.694334073392632,0.279097696554707,22.5390856164861,12.5217995019875,-1.5311353017284,51,0
148,194,0.635409069063361,0.161282049569159,20.6454420324998,13.4898854831413,1.56913938682768,52,0
149,50,0.879527607134547,0.0725728461737424,9.50389114153735,7.21016318607338,-1.52398521952036,23,0
150,586,0.239868831867471,0.966189390776834,92.8481709354541,8.60970425089384,0.00250239739645416,169,0
151,112,0.725606404932511,0.305184692341989,16.6260205446419,8.92708170612994,-1.56166705324461,37,0
152,58,0.976959403070423,0.169911702577288,10.7662208613872,6.94589406545969,0.0194752323688833,24,0
153,335,0.262125965616869,0.955578183142702,64.7425061160183,6.90022246063333,0.0134565641703091,123,0
154,405,0.331532276058759,0.928154773314883,63.1658625434262,8.62324762509803,-0.00397334396399403,121,0
155,312,0.305351144088035,0.942581343437185,58.080771934854,7.06157755317975,0.0050516590295757,110,0
156,148,0.463955229942628,0.818311796083133,29.5849161930698,6.62107624005141,0.0598250011438629,60,0
157,104,0.326022594013739,0.914577991261783,30.790540103371,4.60001040911935,-0.0315570945111501,60,0
158,100,0.68831354903889,0.575344100976255,18.5932368587825,6.89013375147487,0.00450658168392403,39,0
159,353,0.364054333984657,0.900600210444191,54.1092859994629,8.75291657682691,-0.00459526694952062,105,0
160,116,0.33814869155591,0.938792998708774,34.0530518331465,4.27887890987535,0.00471025624187651,64,0
161,130,0.373419324827374,0.912827882023022,33.6728589882144,5.08427085857732,0.0100046213439737,62,0
162,72,0.692651434394619,0.607232962804626,16.2064271145696,5.70844007425648,-0.0248559283265872,32,0
163,120,0.390497952546315,0.879902417251016,29.6054043363072,5.29392006355573,-0.00457308513486887,58,0
164,125,0.409963947385963,0.897395065783074,31.1642342068927,5.12631898129051,-0.00474441241869688,59,0
165,85,0.699710237966617,0.638783173475027,18.0590479144145,6.03239749740936,0.0155716926270174,37,0
166,66,0.55996962182577,0.559334462311373,16.3376210776355,6.20483295764868,0.00738125853864981,36,0
167,190,0.339191352862835,0.928048393312905,42.95700123827,5.86888884284032,-0.0149003155625656,81,0
168,150,0.358757893135347,0.923930562802415,37.5127832011379,5.27545120281804,-0.00572250876385869,70,0
169,72,0.787328377540279,0.54057687447205,15.2906754278545,5.97274141594419,-0.0196329000879754,31,0
170,237,0.198839843764539,0.974907117316601,67.1240321248966,5.35024591221139,0.00623857183063078,117,0
171,5,2.14342900605606,0.25,3.09838667696593,1.78885438199983,-0.321750554396642,5,0
172,66,0.623043543433666,0.726281489763265,17.2524805041764,4.87316041129836,-0.0215705006972607,34,0
173,70,0.593907174663695,0.744300608716501,18.2568992940187,4.95612542097831,0.0479822100351322,36,0
174,48,0.615151507486333,0.672516230009298,14.0578462844398,4.42003168147961,0.0102953582010379,28,0
175,101,0.66592659577827,0.652977219831128,20.109014129268,6.55170775757635,-0.0189461120416857,42,0
176,206,0.344159056251428,0.906412231669885,42.0820443950226,6.59498657714518,0.00135741472894915,83,0
177,235,0.419526146961928,0.873010991231961,40.8605658628094,7.52752587689527,0.0113400858891,81,0
178,371,0.327493801434942,0.929583051032536,60.8627815551089,8.22272936048611,0.00959574588095433,116,0
179,40,0.822043138898578,0.124834123887439,9.1806693878547,6.34628313195272,-0.210681004233271,21,0
180,25,1.04802024014087,0.192136534793877,7.2563437321337,4.53447633593164,1.54525944911419,14,0
181,126,0.389002868593767,0.303521458473624,18.6128020611739,10.0155324841346,0.0750921692319216,55,0
182,82,0.292896080095046,0.202359289565504,16.1887565505343,9.97231489582236,-0.28493905855854,48,0
183,20,1.34753021113162,0.00699988889065255,5.21536192416212,4.79583152331272,0.463647609000805,12,0
184,28,0.333422289830942,0.903560011509752,17.1254281209032,2.72653578558268,0.0894350420399098,24,0
185,212,0.352209580037478,0.906185582796671,43.78950889633,6.8712997078306,1.56901129207378,82,0
186,100,0.635005051696576,0.658602810073638,20.1090932843717,6.48595153238431,-1.56671577614677,42,0
187,15,0.693598898445676,0.541236422733304,7.70507846965863,3.00676814292221,-0.164003029072017,13,0
188,762,0.183972889757778,0.98251711685472,125.849431517057,8.35677167846389,-1.56005232452341,224,0
189,933,0.173706708646142,0.983051751186576,137.806054118898,9.00850360403895,-1.56803788512531,254,0
190,91,0.304183804036669,0.888896554861248,27.1960480926673,4.66593343416046,-1.57009921742622,51,0
191,1,12.5663706143592,NA,0,0,0,1,0
192,87,0.326121601183932,0.897672915111709,28.606536611727,4.69886451326002,-1.56087208512436,55,0
193,12,0.311562907794029,1,13.8082101181387,0,1.5707963267949,12,0
194,12,0.311562907794029,1,13.8082101181387,0,1.5707963267949,12,0
195,413,0.183572151194904,0.978150577204226,85.4206205291982,6.34811313673844,-1.56863640292628,164,0
196,14,0.260250278995604,1,16.1245154965971,0,1.5707963267949,14,0
197,11,0.839954432738654,0.773125,7.04981147582822,1.78681844034355,-1.44141088081305,11,0
198,66,0.603508801132426,0.736227952111324,17.4990326510845,4.8369768242012,-1.56102917890515,35,0
199,202,0.42092201954474,0.884533799922863,38.6663706127069,6.77092442715553,-1.56228520597261,76,0
200,68,0.0569575064930778,0.995591178662671,67.593033254703,2.24653229038172,-1.56224503841777,68,0
201,96,0.660781007077334,0.520322440107751,17.9050954196691,7.20420804586458,1.55156261529759,39,0
202,135,0.0971540679471947,0.980621763099661,61.8168533459805,4.32367907002563,-1.56020204050235,107,0
203,5,0.98174770424681,1,5.65685424949238,0,1.5707963267949,5,0
204,235,0.951899205262613,0.0177631304303753,18.5327281030936,16.2073070866126,0.253622402944706,47,1
205,50,1.07802416890529,0.00352160373404456,8.24259268856557,7.76714012815563,0.393293611739574,20,0
206,36,0.122264166399736,0.994127595190177,34.6706968218318,1.33039181538608,-1.53399206770264,36,0
207,538,0.104957230183562,0.994494472626476,140.919160312449,5.23526303904053,-1.56290514465558,248,0
208,128,0.423113719326045,0.888962491349563,30.7074001962917,5.26670583688549,-1.56785767919677,60,0
209,37,0.150097782359198,0.986975656497891,32.0823196768494,1.83668527545894,1.54908720911994,37,0
210,22,0.779838121430966,0.686302138641967,9.56778790646618,2.93081319463358,-1.54926994779328,18,0
211,272,0.444843251006014,0.875394408252589,44.2948486501414,8.07794205023402,-1.56741219747879,86,0
212,58,0.57326021992018,0.804586415316672,17.7654915569339,4.13990290542115,-1.55664397548847,34,0
213,73,1.06755729966757,0.0106526832301512,10.1368141558698,9.1393847711692,-0.359326857844399,26,0
214,988,0.148932417118238,0.989118011946844,158.122647201751,8.26998174234636,-1.56376277008201,285,0
215,37,1.20332669987436,0.0177979069231859,7.30822346508619,6.39036503875612,-0.161757110499168,18,0
216,74,0.44609731884687,0.874652873411323,22.4871085338054,4.11394511186678,-1.56084188998203,44,0
217,162,0.303502610919912,0.944381836197667,41.9962597615228,5.02293540777478,-1.55637877020308,79,0
218,165,0.158195635156954,0.986722988761494,60.6380895677812,3.50521321016573,-1.56583128651449,108,0
219,25,0.136353847812057,1,28.8444102037119,0,1.5707963267949,25,0
220,308,0.464182345286609,0.830046692217445,43.4531096632204,9.37366241044983,1.55890540398632,88,0
221,38,1.13791440051114,0.0431127747157044,7.71874001171312,6.25231259154421,1.5707963267949,18,0
222,93,0.540831382763342,0.757892615692204,21.4392954626575,5.63949864942723,1.56571136058285,44,0
223,388,0.298060160262626,0.949832531734072,68.7261235887702,7.79570207164884,-1.56038169403108,125,0
224,9,1.76714586764426,0,3.2659863237109,3.2659863237109,0,8,0
225,2,6.28318530717959,1,2,0,0,2,0
226,41,0.0805033117482384,1,47.3286382647969,0,1.5707963267949,41,0
227,132,0.256065377636144,0.965233708289306,43.5345443539114,4.0945679216265,1.56694230734073,78,0
228,10,1.07171450302803,0.651618522281899,6,1.95959179422654,1.5707963267949,10,0
229,124,0.611366991633164,0.695103352954839,22.9353260838669,6.90631190793383,-1.5321263213286,48,0
230,176,0.713978640411319,0.557326888773258,24.4946185276702,9.33110113051404,-1.54281011329536,54,0
231,2,6.28318530717959,1,2,0,1.5707963267949,2,0
232,53,1.16602614187715,0.0565500443958743,9.23639484702801,7.24787271267921,-0.152852224372815,21,0
233,279,0.481699755521412,0.816221465925943,40.3654508367074,9.09108630812625,-1.52642255045589,82,0
234,167,0.251683284619687,0.954677007786947,44.6178186727504,4.80445703003918,1.57019890988081,86,0
235,127,0.299721704606347,0.387158622599348,20.4081804512905,9.84846128284028,1.35885731004339,61,0
236,168,0.225914583227292,0.0389818671132903,17.2358439963857,14.1105913521801,-1.23560926173058,71,0
237,21,1.4149067216882,0,5.08967208224281,5.08967208224281,0,12,0
238,449,0.191709049411488,0.978918205954135,91.1557397091064,6.65296202057572,-1.56099246713527,167,0
239,140,0.510092138522286,0.445334887709679,21.6165405018216,9.65559334559795,-1.4623095415736,55,0
240,78,1.12202591857298,0.00320287638960247,10.2435341536394,9.67932525705093,0.607984394483599,25,0
241,314,0.169161927909094,0.982769240339066,79.3756361558528,5.23229771314,1.56804577944141,147,0
242,113,0.308003193760723,0.939712494982434,34.6163742461812,4.31582686321866,-1.56806966241539,65,0
243,461,0.316393239996399,0.940689034320816,70.1547386506823,8.67325784878044,-1.56468539297937,132,0
244,80,0.399847326521473,0.387698234833213,17.4221019202928,8.40150966665685,1.42240139781995,45,0
245,1,12.5663706143592,NA,0,0,0,1,0
246,2,3.14159265358979,1,2.82842712474619,0,0.785398163397448,2,0
247,1,12.5663706143592,NA,0,0,0,1,0
248,324,0.405995459334579,0.844355861788693,46.2366801835825,9.50612049167029,-1.5415250936303,96,0
249,180,0.268414865405214,0.634596236227579,30.489653678678,10.258499940216,1.48388012317945,77,0
250,253,0.828652033366135,0.0910687040574923,21.0164224409153,15.3917529934801,-0.069303084327335,52,1
251,13,0.601119045319586,0.598024497821235,8.07097703149266,2.88561698401221,-1.51233930653516,13,0
252,194,0.382839557971784,0.564276681065239,27.3333215058362,10.3030581189878,-1.5002001587977,72,0
253,128,0.29453498860496,0.943571203957815,37.7158123068206,4.54469149521525,-1.55749181680232,71,0
254,1,12.5663706143592,NA,0,0,0,1,0
255,35,1.17908893474017,0.0685211089796236,7.61861319725221,5.82752076416523,-0.0734795687292955,16,0
256,2,3.14159265358979,1,2.82842712474619,0,-0.785398163397448,2,0
257,42,1.1005023051819,0.0734788160980182,8.38507417373217,6.34987532070812,-0.816117030281391,19,0
258,86,1.10214645091301,0.0396596184315989,11.5538401655543,9.44205319616266,-1.5197701279464,28,0
259,3,2.35619449019234,1,3.2659863237109,0,1.5707963267949,3,0
260,58,0.690660457506951,0.647571054711221,15.0428445895984,4.94830436316825,-1.51396722748866,30,0
261,138,0.703283685858773,0.563529643987819,21.8571429775731,8.2482626582675,-1.54684358991542,48,0
262,84,0.414151833041821,0.886560914088338,25.4101691627126,4.4079336526368,-1.56240994178027,48,0
263,54,0.444521798237616,0.860518612879419,19.7120231699008,3.81911801854211,-1.53856921023769,36,0
264,101,0.825404044991484,0.158908695244374,14.193438082459,9.30690416780145,1.36969193234166,33,0
265,39,0.457548995808038,0.54682345610411,13.068880700018,5.0577095235654,-1.56644987006804,27,0
266,8,1.13430999480868,0.63718820861678,5.32186912284398,1.78261298080089,1.41935389260741,8,0
267,2,6.28318530717959,1,2,0,1.5707963267949,2,0
268,212,0.603759812903253,0.443651992270341,25.2679711937092,11.3122725392543,0.767077499527689,54,0
269,214,0.555175600165484,0.00927242746658447,19.3062613618876,17.5286507882339,-0.48704597959573,58,0
270,184,0.663963452105426,0.0412156930231343,18.0137035001372,14.66195526981,1.46808428692202,47,0
271,218,0.552325754881943,0.00137251378064511,18.6688270988873,17.9895442903554,-0.348847486483106,58,0
272,109,0.539557448604983,0.0598849565303495,13.7946958137825,10.7456587505424,0.10676347530932,43,0
273,116,0.724026725858785,0.214619798093502,16.040488933737,9.71477802889637,0.04773845055738,36,0
274,8,1.07802416890529,0.5,5.22625185950551,2.16478440058479,0.392699081698724,8,0
275,375,0.270866232164852,0.952479272275532,66.3682383895426,7.32193354563044,-0.00407845309657115,129,0
276,84,0.691478352814069,0.351988787454669,15.1267661383215,7.64264163361332,0.0132549740028452,37,0
277,84,0.924020716204538,0.171318332917356,13.0049417003079,8.37301134813467,0.0350655587929,28,0
278,93,0.929645034162425,0.0340388332625812,12.2184538593124,10.1382367679462,0.117057698987955,28,0
279,170,0.590610405336672,0.570983361908006,24.4771989043917,9.13197471352976,0.00900048250905441,56,0
280,237,0.557785605268081,0.751081594705892,33.899707857531,9.06069789326822,0.0156548360027459,71,0
281,283,0.434350591336674,0.87016941980266,44.677359284522,8.32880366413892,0.00900070996293231,88,0
282,171,0.603789111001349,0.713930716675771,27.7978598057975,8.05867676649037,-0.00214301299737751,58,0
283,643,0.217536210579038,0.972206473578897,100.50822891769,8.43709698269499,0.00723290309455455,189,0
284,299,0.372114117152939,0.906474605249667,50.4566964696443,7.9046717506743,0.00511938743422866,98,0
285,157,0.63690140082146,0.672407126033851,25.4302444346955,7.99733581577923,0.0153552859742171,54,0
286,115,0.758233252618822,0.481683632916098,18.7022104933069,7.94818923265098,-0.0035459500238081,42,0
287,334,0.390625221663665,0.901530363902941,52.2060324378956,8.40332090606199,0.0161257055606551,102,0
288,4,0.857371602422422,0.900104058272633,5.49594770443212,0.891380294906309,0.629899023094678,4,0
289,393,0.344109055894471,0.908608252444414,58.7170798176148,9.08801683947488,0.0190539126979185,114,0
290,395,0.300676994015738,0.946659474032262,66.4893553734178,7.78326018400571,0.0019321861277112,126,0
291,645,0.218212839538848,0.97244953867356,100.099443190362,8.36543911527036,0.00778561253410817,189,0
292,349,0.363114756052754,0.912874262010048,55.4412081689794,8.368746609996,0.00641574261221374,107,0
293,133,0.692905347482795,0.183578901824518,17.0224986143512,10.7674286706276,-0.0161024701955651,39,0
294,234,0.470316823447023,0.836993267315793,38.2697002441516,8.06896393300904,-0.00872445866139904,77,0
295,1052,0.155517976538843,0.986385043604114,153.794853871925,9.00338383388094,0.00721479769326151,286,0
296,159,0.644050951645768,0.34976870097185,20.7512443600155,10.5146622040994,-0.00924893802601474,47,0
297,133,0.541494571524645,0.24911416655088,18.0036632339873,10.4067076798314,-0.00581281438668197,50,0
298,313,0.378800146849088,0.90720500077328,51.1485488071988,7.98014061771626,0.00577475428592366,99,0
299,153,0.525535289713481,0.638393050333715,25.2685161717953,8.44633226218601,-0.00495195596240463,57,0
300,116,0.625254017965071,0.307525575063728,17.4591814733532,9.34589904138161,-0.0473154174968183,39,0
301,302,0.394008688266572,0.865873322117672,45.9741561356988,8.72160347631816,0.00800200681614709,94,0
302,3,1.61703625335794,0.8125,3.67708852834268,0.837402040213008,1.07939946517123,3,0
303,83,0.500352398166084,0.796877726089816,21.497602746649,5.11907622914176,-1.556356407503,43,0
304,245,0.190972071735993,0.976791019948408,66.725282637095,5.11246744623269,-1.56132282670513,121,0
305,257,0.600177250652761,0.568759320578346,30.0464290691691,11.2482041817678,1.11574649699262,63,0
306,527,0.208115728218954,0.973271690722243,92.2933688380169,7.59552439407124,-1.56359635059865,173,0
307,34,0.609087376549379,0.331398948830953,10.3484885677533,5.3702495482827,-1.42622843301198,24,0
308,204,0.515992222874424,0.775393272829919,32.9571215734013,8.30562836100304,-1.57017721046754,68,0
309,114,0.310728885740907,0.934908256601516,35.6660353995863,4.62630289689311,-1.56889446914506,65,0
310,506,0.237698020506751,0.963840464288866,84.4951466153874,8.10762202190052,-1.56238913239301,159,0
311,175,0.110280138384177,0.94763983999888,53.5613126195231,6.21042923557144,-1.48192285980533,129,0
312,240,0.639586161082479,0.137383307653617,21.5562246238255,14.6067720964726,-1.27272176103605,54,1
313,1,12.5663706143592,NA,0,0,0,1,0
314,2,3.14159265358979,1,2.82842712474619,0,0.785398163397448,2,0
315,1,12.5663706143592,NA,0,0,0,1,0
316,170,0.295884214686569,0.713412089640928,32.2368540250898,9.3555777085413,1.50654936082421,75,0
317,1,12.5663706143592,NA,0,0,0,1,0
318,1,12.5663706143592,NA,0,0,0,1,0
319,1,12.5663706143592,NA,0,0,0,1,0
320,83,0.596975328471521,0.223918361477386,14.4860258317288,8.66245938798569,0.243181808530445,36,0
321,117,0.314395893205395,0.209208266249589,18.008269240401,10.9881957037516,-1.43026150079521,56,0
322,13,0.283616003449079,1,14.9666295470958,0,1.5707963267949,13,0
323,1,12.5663706143592,NA,0,0,0,1,0
324,89,1.08255610151393,0.0224276114115868,11.4619553733256,9.8565866374198,0.535093608710971,28,0
325,1,12.5663706143592,NA,0,0,0,1,0
326,1,12.5663706143592,NA,0,0,0,1,0
327,139,0.613576751977595,0.414070606644061,20.0985238410262,9.36098478614986,0.983657443368262,43,0
328,2,3.14159265358979,1,2.82842712474619,0,0.785398163397448,2,0
329,16,0.223402144255274,1,18.4390889145858,0,1.5707963267949,16,0
330,5,0.98174770424681,1,5.65685424949238,0,1.5707963267949,5,0
331,152,0.663442114784554,0.651722482529806,24.836268227013,8.10999191870831,1.56952958408576,52,0
332,302,0.278526997824347,0.82949159896208,45.55698600349,9.84511419009929,-1.53811554821181,110,0
333,24,0.906245154085331,0.37873314197238,8.13140522439047,3.96753830326395,1.51665507316738,17,0
334,7,0.610865238198015,1,8,0,1.5707963267949,7,0
335,84,0.971038457823945,0.136640566192154,12.6059656717918,8.55189926013681,-0.753918315228807,28,0
336,26,0.457354355709965,0.652141094544257,12.265561046997,4.002193231708,-0.0239548613768325,21,0
337,8,0.512913086300374,1,9.16515138991168,0,1.5707963267949,8,0
338,222,0.625757272756093,0.455718882880035,25.510277078301,11.2355404671564,0.87852309675655,55,0
339,210,0.606899036139967,0.199893079968428,22.7680564092676,14.0735356442633,-1.30312347425396,56,0
340,117,0.581475478717436,0.495670932127981,19.1250363023047,7.97039297917766,0.543480521242114,41,0
341,128,0.430682190913808,0.162376265988735,17.3305229243745,11.3055333594983,-0.748891511578333,52,0
342,41,0.753896268816479,0.238946665765284,10.2499978009873,6.00604559982817,-1.56665734849037,22,0
343,205,1.02872861527239,0.0093346380021289,16.9556849322633,15.3894917328317,0.248110875298151,43,1
344,4,1.39626340159546,1,4.47213595499958,0,1.5707963267949,4,0
345,13,0.283616003449079,1,14.9666295470958,0,1.5707963267949,13,0
346,1,12.5663706143592,NA,0,0,0,1,1
347,4,1.28983209151633,0.25,3.46410161513775,2,-0.785398163397448,4,0
348,25,1.15599816407613,0.000541701341564275,5.71314274283428,5.58168433360397,-0.404891786285082,14,0
349,195,0.287106914692229,0.943364245092783,47.4224550501419,5.72510426269405,-1.53593032966375,87,0
350,1,12.5663706143592,NA,0,0,0,1,0
351,199,0.411651398050732,0.361960323508496,26.3415109767965,13.1371741019509,-0.326349507115322,66,0
352,167,0.304107232625184,0.944516262262391,44.6748752307869,5.3366611378245,1.56628914375783,81,0
353,1,12.5663706143592,NA,0,0,0,1,0
354,58,1.08656388895243,0.0121544635986671,9.06921769504237,8.11885206724592,1.25999462781311,23,0
355,14,1.50040030423924,0.000448442906574399,4.20883424647321,4.1206300291017,1.5707963267949,10,0
356,558,0.263687919047976,0.9621480686005,86.7166904076724,8.5169880036357,-1.5638965788394,161,0
357,47,0.49663826065138,0.835278709409669,16.8858082047958,3.58071162718295,-1.55161387824869,32,0
358,33,1.2135891156558,0.0149644093540311,6.87454971100105,6.07924985926095,1.38239694330362,16,0
359,235,0.624432254645651,0.0468941733033125,19.5367176306457,15.6780474883813,-0.337578589238932,57,1
360,168,0.655070741525915,0.345316661447643,21.2656106904078,10.8378323118717,0.816444474105246,46,0
361,4,1.39626340159546,1,4.47213595499958,0,1.5707963267949,4,0
362,194,0.113017335218262,0.682374976739944,38.4276934713564,11.8600535661606,-1.54344477772913,124,0
363,282,0.814978705673669,0.00387560118962685,19.5886323389618,18.4048547836779,-0.922779835953929,56,1
364,2,6.28318530717959,1,2,0,1.5707963267949,2,0
365,691,0.196635364809407,0.980346708296617,115.828447017267,8.15929465950353,-1.56340290138113,206,0
366,1,12.5663706143592,NA,0,0,0,1,0
367,327,0.391232226368921,0.904605408848153,52.3084355211268,8.28042096213869,-1.56366222024701,100,0
368,240,0.823235465686058,0.0273642727733405,19.0600671895262,16.1293367934771,-1.10092506002697,51,1
369,1,12.5663706143592,NA,0,0,0,1,0
370,51,1.04810500209569,0.0777866942631811,9.32415211816353,7.00144289814942,0.676996262577276,21,0
371,24,0.780536237756344,0.349165411773099,8.42448306303537,4.27203784426735,1.48181208285113,18,0
372,645,0.199996723197484,0.979058326871387,108.386201886412,7.88390659136235,-1.56110379380511,198,0
373,439,0.153694515902079,0.982270887438554,95.0011656587453,6.35302078493786,-1.55772894489598,177,0
374,74,0.469903738255466,0.787355850620261,20.3599167754434,4.97456033714134,1.56376472627338,41,0
375,3,2.35619449019234,1,3.2659863237109,0,1.5707963267949,3,0
376,26,0.696614426968218,0.739437018898299,10.8475467758497,2.97712500987951,0.120590005466422,20,0
377,281,0.203717921197078,0.978625875870207,69.8814986863313,5.13589184117036,-1.5561322921627,130,0
378,185,0.180284649222237,0.619384683991609,31.5685532724821,10.8986030636164,1.47868163293549,95,0
379,3,2.35619449019234,1,3.2659863237109,0,1.5707963267949,3,0
380,187,0.219554030122478,0.662345254311801,30.5528958132397,9.78787478740129,1.40300915896169,89,0
381,28,1.17378266895777,0.002368,6.11982171846529,5.82892387690661,0.702823824690135,14,0
382,13,1.55714602175209,0.0252249134948097,4.31866733772868,3.6794648440312,0.785398163397449,9,0
383,139,0.999753863343872,0.00707796213209665,13.9788780763627,12.8483772300296,-0.269310655818995,36,0
384,701,0.156229181224112,0.970877084337521,106.566621997766,9.16021595478454,-1.56430935912167,223,0
385,12,1.0471975511966,0.709141274238227,6.83130051063973,2,1.5707963267949,12,0
386,8,1.82881454888614,0.0532544378698225,3.46410161513775,2.73861278752583,0.785398163397448,7,0
387,66,0.643542335576255,0.21698013215863,12.3238124214056,7.4396656138006,1.55298411936186,32,0
388,46,1.14332853469488,0.0141443688976254,8.12051997475351,7.20588857795153,1.32594458332516,20,0
389,274,0.407693866365763,0.882667304570894,44.7488463144324,7.90315941652877,1.56689711678484,89,0
390,462,0.298093591906013,0.905639680351519,63.1536032090306,9.94009811108005,-1.54131629047798,135,0
391,413,0.334999556498227,0.0287448924607827,28.4688024838809,23.9894114667051,1.4952303924224,103,0
392,64,0.137478283347537,0.984202146076573,40.6608529038509,2.56549408134173,-1.54160723194618,57,0
393,807,0.186068946394245,0.978576210374275,121.384314565901,8.93152654930636,-1.56482355337228,226,0
394,12,0.425366248053254,0.944477957226634,11.4797565718482,1.37180746381352,1.47788590793069,12,0
395,45,0.349180060412923,0.936979673077911,21.3458543008816,2.72291337577119,-1.55316508742504,39,0
396,53,1.01973683396986,0.06304880777941,9.34743060711108,7.23203251778017,0.676539310384666,21,0
397,59,1.08487511854079,0.00248818259724398,8.89800711612023,8.46469693384989,0.319428967952462,22,0
398,98,1.00700284515076,0.00675513477834293,11.6430586575244,10.7223969961172,0.763586612723371,30,0
399,64,1.07802416890529,0.0357326179657853,9.91132559247248,8.18535277187245,1.5707963267949,24,0
400,226,0.279910089684276,0.949482608784679,50.5245732438454,5.75154991893305,-1.56669451219589,97,0
401,63,0.634839232543194,0.683129968156537,16.1034816946918,4.96291348038018,1.56952524498877,32,0
402,241,0.502951464870027,0.203184597976082,25.198443421758,15.5044724811824,-1.56313295734835,66,0
403,264,0.433333987646423,0.163172161425089,26.7076677237598,17.4021817632146,-1.45926333799219,72,0
404,254,0.382799726307788,0.897276842550296,44.5717704890234,7.33623148488762,-1.55523494100016,88,0
405,179,0.452757881835891,0.861287126046397,34.5209030211904,6.6683899394107,-1.54838993601206,68,0
406,37,0.215169474862835,0.955128147098328,23.7177453497379,2.54089309136733,-1.55995039959226,35,0
407,12,0.311562907794029,1,13.8082101181387,0,1.5707963267949,12,0
408,345,0.273514895840049,0.951881987695127,65.4177744419273,7.26341448092174,-1.56010791509699,123,0
409,39,0.223488576446089,0.976436762790619,24.7079550913533,1.90768004972335,1.5551926533388,39,0
410,28,0.534516457197326,0.801129219337705,12.216607695424,2.87483921250197,1.5257153936848,22,0
411,14,0.260250278995604,1,16.1245154965971,0,1.5707963267949,14,0
412,86,1.10214645091301,0.00154494659765258,10.6530921376389,10.2422786810247,0.785398163397431,28,0
413,95,1.02412296046003,0.0268456462390753,11.9537320751334,10.1320823526078,-0.291141466420786,30,0
414,90,0.309138405713812,0.917035455498172,29.1515995236421,4.28923985649274,-1.54953574122943,57,0
415,350,0.20445652015658,0.743723947130306,59.1355746202149,16.0742677508109,-1.5414101550673,132,0
416,184,0.977834339189785,0.0349775811006768,16.9129076110396,13.9967712451756,1.56214490214067,42,0
417,203,0.246647624445489,0.88926627858017,48.7660864222093,8.35185610782884,1.50785856148448,93,0
418,26,1.29245834356812,0.0163241204788463,6.1152636659544,5.37801793629186,-0.785398163397449,13,0
419,8,1.28983209151633,0.532505478451424,4.89897948556636,1.93649167310371,1.5707963267949,8,0
420,12,0.311562907794029,1,13.8082101181387,0,1.5707963267949,12,0
421,12,1.10975823751308,0.459463386636249,5.88065393756062,2.57684525900857,0.248721283285577,10,0
422,114,0.624385554812816,0.691629524092376,22.0066907781015,6.67191316362485,1.55347538214476,45,0
423,94,0.68071414644863,0.614313759985156,18.7417713155231,6.52508241922892,-1.57047954998311,40,0
424,143,0.495151273511187,0.844698246823062,30.0755413558648,6.17603515807884,-1.55108123171142,59,0
425,8,0.820202009981777,0.726495726495726,6.01005575170436,1.69682935541714,0.922481888957278,8,0
426,262,0.519645373452507,0.434515791030433,29.7456743978117,13.4815879513267,-0.413122057171369,68,0
427,1,12.5663706143592,NA,0,0,0,1,0
428,84,0.892805266216759,0.0576639369203601,11.8148001055113,9.24827983317465,0.187456831981908,29,0
429,78,0.460372193130002,0.44201068349144,17.460093588857,7.83406751235537,-1.50468543674797,42,0
430,165,0.465089864886286,0.51638167770265,25.2775241087951,10.2284976998374,0.840160161043382,56,0
431,78,0.746216417721521,0.40694073169534,15.0952912202643,7.09738079428731,1.54945413470871,35,0
432,48,0.788579602602986,0.0819629270792101,9.44319635284486,7.03411831144425,-1.5032373264698,26,0
433,69,0.622762030391198,0.261881040231223,13.2784055288195,7.54624849690035,1.51238668992122,33,0
434,48,0.701955484712921,0.125150309875117,10.4239395402025,7.20203181331359,-1.55220480172611,26,0
435,121,0.743814562912977,0.421268953689307,18.532301810674,8.54935423234707,-1.54610881180014,39,0
436,310,0.687864273788624,0.0573687039536162,22.5956324915012,17.698754902178,0.418084208755389,62,1
437,397,0.260888418527821,0.903708367960806,59.4451529686284,9.45658953426935,0.0492506734078669,127,0
438,124,0.190316160161652,0.971557967987743,46.0096744804767,3.90769803598258,-0.00400715923315955,88,0
439,104,0.0696608425826945,0.990275251260212,66.8956662062902,3.30648764825867,0.00233023696156571,94,0
440,3,2.35619449019234,1,3.2659863237109,0,1.5707963267949,3,0
441,23,0.430878783550103,0.110054935706156,8.49831616866524,6.01995597446144,-0.251753048296727,20,0
442,25,1.15599816407613,0.126754288260192,6.82034493940604,4.7000952019633,1.53723338269385,14,0
443,63,0.377431909761969,0.574687857497691,17.348612996174,6.43546003634976,0.0217504089383558,37,0
444,78,0.824208177251227,0.00233170692407453,10.6808578473235,10.1769750260786,-1.03255526956843,32,0
445,164,0.332503433557214,0.391120782248339,24.4668937491718,11.7458673319752,0.127846591573754,75,0
446,3,2.35619449019234,1,3.2659863237109,0,0,3,0
447,5,0.98174770424681,1,5.65685424949238,0,0,5,0
448,235,0.203287028320198,0.875502924555343,46.7440836350488,8.52063495523297,0.0221678145245134,110,0
449,96,0.101858292630228,0.995395729924491,57.7007738051053,1.95989499799899,0.0047089984265134,96,0
450,4,1.39626340159546,1,4.47213595499958,0,0,4,0
451,1,12.5663706143592,NA,0,0,0,1,0
452,120,0.291364512206286,0.595260091580602,22.0137068796846,7.90555630720801,-0.0152170824666508,56,0
453,56,0.138373156532457,0.979276756393378,37.4747527832017,2.71147331010053,-0.074722805529118,52,0
454,143,0.285659971061537,0.948710235481678,40.2559089417526,4.61842584451094,-0.0113029506020038,76,0
455,39,0.464409617978812,0.828482345088554,15.5141541429656,3.36357712518773,-0.00476962233588549,30,0
456,53,0.608960745103102,0.77330874040115,16.2175458020267,4.10854434118107,-0.0256760671586654,31,0
457,450,0.157712918255929,0.96890921955904,90.9214069719253,8.07918686616267,0.0148946681010428,179,0
458,17,0.208621387152447,1,19.5959179422654,0,0,17,0
459,329,0.135199428363258,0.869879158471305,60.5852600717517,11.3079010767418,0.0778045968874584,166,0
460,67,0.322800939506321,0.925261658695642,25.3269133383275,3.5291975451771,0.0273038530250721,48,0
461,2,6.28318530717959,1,2,0,1.5707963267949,2,0
462,70,0.607840532662434,0.131916138360517,13.1040753550032,8.95626248285667,-1.10559996175612,31,0
463,9,0.441786466911065,1,10.3279555898864,0,0,9,0
464,8,0.512913086300374,1,9.16515138991168,0,0,8,0
465,90,0.306672992740908,0.93308183120447,31.8138295998485,4.18613222222196,0.0113293478961237,57,0
466,82,0.423729196084467,0.795346695047847,21.5144559406088,5.14469283264249,0.0776955942364465,43,0
467,66,0.375925921241648,0.619578797875908,18.0678276693495,6.2356445977492,0.0151768638067627,40,0
468,707,0.102587672400046,0.952056652422776,101.641946603747,11.2644164634495,0.00417113374504891,238,0
469,118,0.183475199103106,0.97035916587596,45.1599060142175,3.91672273684625,0.046864058171949,84,0
470,16,0.709974570928835,0.836024920500166,9.38083151964686,1.98431348329844,0,16,0
471,22,0.658792547664346,0.447266358097101,8.66335467257808,3.85962420972042,-0.357114561121478,16,0
472,57,0.469217453695261,0.843298558328838,18.7203624442385,3.86305867457704,0.0169846820302862,37,0
473,91,0.377054615678665,0.900455636571644,27.1222695339516,4.39075892008226,0.016261798304092,53,0
474,59,0.473837547349893,0.452016617566382,14.4820447708863,6.41052688781586,0.0910481795475445,32,0
475,351,0.323718464358761,0.851354476902824,48.8525019351597,9.7961121550403,-0.0316216379000598,108,0
476,3,2.35619449019234,1,3.2659863237109,0,0,3,0
477,56,0.553492626129829,0.8014655462685,17.3152050675299,4.07080195679286,0,34,0
478,11,0.922257811323962,0.367252423822715,5.68150905027054,2.81403660586211,-0.18319720537462,10,0
479,147,0.541910988582335,0.534227842336612,22.4896121581534,8.86736352827399,-0.0455303508070624,53,0
480,199,0.431333146080274,0.834336825880865,35.2957065234298,7.50800354614173,0.0158599587193251,72,0
481,1,12.5663706143592,NA,0,0,0,1,0
482,1,12.5663706143592,NA,0,0,0,1,0
483,2,6.28318530717959,1,2,0,0,2,0
484,48,0.422173251424583,0.0066919105701007,10.2906074272012,9.48056836677054,-0.25354925219617,30,0
485,116,0.0796130495435625,0.993442461030207,68.3507742881231,2.77202802128477,-0.0161313565797034,104,0
486,37,0.365700485121494,0.893276309180187,16.9541162688736,2.84745115226318,0.00330539117847858,29,0
487,52,0.549472118167485,0.81324421810282,17.102311134062,3.88621536331562,0.0271901540403455,32,0
488,125,0.106132088888659,0.994048172225714,65.5528665168625,2.53241296442937,-0.00752379047350535,114,0
489,1,12.5663706143592,NA,0,0,0,1,0
490,1,12.5663706143592,NA,0,0,0,1,0
491,4,1.39626340159546,1,4.47213595499958,0,0,4,0
492,24,1.23030301497267,0.105735881025638,6.53170187440185,4.66108994901668,-1.11696698855347,14,0
493,58,0.73192124176291,0.5136547310568,13.6825377874095,5.55834284242157,0.20055413445534,27,0
494,1,12.5663706143592,NA,0,0,0,1,0
495,24,0.882610265931488,0.44685763376198,8.4592553250457,3.77077937878413,-0.00775131696250825,16,0
496,9,0.416159339067405,0.891285444234405,9.39806341845278,1.59392644548108,-1.16669856874497,9,0
497,53,0.126761122241156,0.979893123291268,37.6521449589027,2.68306847886392,0.0384624475338311,53,0
498,3,2.35619449019234,1,3.2659863237109,0,0,3,0
499,13,0.283616003449079,1,14.9666295470958,0,0,13,0
500,28,0.471635573896066,0.778372176232381,12.7252295357264,3.18272803627198,0.257838834725758,24,0
501,177,0.28316980777762,0.907162083592331,40.931167928972,6.38758632217103,-1.56170400531407,81,0
502,323,0.304806046527828,0.200890836597896,34.0964595525361,21.0465665384655,-0.430228588496104,96,0
503,513,0.240272900311597,0.960154891271741,81.6186930981871,8.22885456332055,-1.56069184936635,157,0
504,55,0.536285279646879,0.749373707501301,16.5360680160918,4.43723259245903,-1.56512659566692,33,0
505,119,0.468690588132753,0.842896366176179,27.2546824203004,5.63202251378053,-1.55102048778401,54,0
506,111,0.357254232887934,0.898730325629799,29.7057535079376,4.8527535029831,-1.55468663238333,59,0
507,116,0.434828801578577,0.871600950854878,28.8551932450116,5.34735746232634,-1.57018702818954,55,0
508,77,0.682358356252096,0.624187693273453,17.4138931373339,5.96368749238782,-1.55377544689308,36,0
509,180,0.37043483186468,0.84669140782995,35.7672578818074,7.29343045581561,1.54492950335818,74,0
510,265,0.188625972053099,0.73877339184079,40.7595139456416,11.2030691512685,1.57061771431297,114,0
511,2,6.28318530717959,1,2,0,1.5707963267949,2,0
512,1,12.5663706143592,NA,0,0,0,1,0
513,141,0.700752499992808,0.0170601763249221,15.3322753729596,13.4448351921248,1.25842550718032,42,0
514,93,0.514567163529892,0.831809664906797,23.5869338872065,5.05913120592746,1.54883060652405,46,0
515,133,0.808876188209846,0.175934783417459,16.4429767829622,10.5158024653339,0.896524254809749,38,0
516,70,0.461533284202761,0.867650684745991,21.6209366630082,4.07235526520269,-1.55045501085639,42,0
517,156,0.414516730743496,0.478099923669365,23.3033094900872,9.95297032160523,1.34671946330745,56,0
518,96,0.552494754809457,0.734258177606456,21.0078990297493,5.83212349551764,-1.55439206374076,43,0
519,88,0.423977353381436,0.899691043569223,26.12526890868,4.24644650504791,-1.56569700111254,49,0
520,189,0.256947347201125,0.957811847569637,49.6377271199117,5.15266465381978,-1.56330258640823,91,0
521,172,0.574160868382369,0.492725323469503,23.9756310085304,10.0333596812568,0.543270226655412,51,0
522,10,1.61229011439541,0.0532544378698225,3.91918358845309,3.09838667696593,0,8,0
523,174,0.451944966876115,0.845135314304355,33.7268636742926,6.91522766496472,-1.54966147794756,65,0
524,197,0.322924355117349,0.924788770591264,42.8497733250001,5.99054414127237,-1.56107359448255,83,0
525,47,0.416504451218812,0.901504622323135,18.9969775594591,3.05826100919076,-1.55740188984465,35,0
526,60,0.493913109152906,0.827763669992045,18.6630075100426,4.05557717663603,-1.55066192428772,36,0
527,218,0.233200665985619,0.766013531495616,38.8397117098202,10.0188686268881,1.50300869400534,98,0
528,52,0.652045188027477,0.749229371989586,15.5778353409947,4.18149402040756,1.56961386105739,30,0
529,54,0.444521798237616,0.868542658585466,19.4618640493852,3.65241018011379,1.55695040858283,37,0
530,2,6.28318530717959,1,2,0,0,2,0
531,137,0.483737474895817,0.830228989533452,28.7537279667901,6.19907411484994,1.56055752145727,58,0
532,3,3.23407250671588,0.25,2.3094010767585,1.33333333333333,-0.785398163397448,3,0
533,223,0.387213917720526,0.897486974116357,41.8134791846909,6.87479982297881,-1.55105594730615,83,0
534,1,12.5663706143592,NA,0,0,0,1,0
535,55,0.56192011056972,0.804999112345428,17.2849112199275,4.02316960940016,-1.54879607165464,33,0
536,3,2.35619449019234,1,3.2659863237109,0,1.5707963267949,3,0
537,293,0.513603690305127,0.194073391686688,25.1350928411322,15.6640347363101,-1.56646262640074,68,1
538,396,0.231513775359893,0.0671194223438204,31.0218520915896,23.797395926295,-1.42856037930361,121,0
539,8,0.512913086300374,1,9.16515138991168,0,1.5707963267949,8,0
540,3,2.35619449019234,1,3.2659863237109,0,1.5707963267949,3,0
541,3,1.17809724509617,1,4.61880215351701,0,0.785398163397448,3,0
542,54,0.909582892513842,0.326926732393805,11.5577453011977,6.03273007805073,1.56723947622484,24,0
543,32,0.795358980657307,0.577099775164036,10.4943150706282,3.87830197359426,1.52571184948641,20,0
544,3,2.35619449019234,1,3.2659863237109,0,1.5707963267949,3,0
545,13,0.576854338879679,0.846383032445398,8.99386192484335,1.83597459308098,-1.54880562713462,13,0
546,324,0.448171400493777,0.841086256860677,45.225149564296,9.40403556942482,1.55933273957184,92,0
547,150,0.361761251863685,0.331067526601209,20.6783289854445,10.73544282235,1.32845864250662,57,0
548,2,6.28318530717959,1,2,0,1.5707963267949,2,0
549,189,0.756223453703659,0.232340085448775,20.44173583464,12.0850683216944,1.088143919052,49,0
550,32,0.857371602422422,0.543887451591497,10.1929538512472,3.96199972063918,-1.46893689072583,20,0
551,38,0.995692561831245,0.244571387325985,9.15072288176561,5.32162309856505,1.45293828857905,19,0
552,56,0.412296387179255,0.63262851861595,16.1897215544526,5.46557479374572,-1.39495429612196,35,0
553,294,0.704309123684793,0.0259041457085433,21.1710628409368,17.9982745504036,0.096894998796444,60,1
554,1,12.5663706143592,NA,0,0,0,1,0
555,25,0.136353847812057,1,28.8444102037119,0,1.5707963267949,25,0
556,1,12.5663706143592,NA,0,0,0,1,0
557,433,0.303942961658114,0.866022544985397,55.6098283095519,10.5432466543623,-1.55336530518332,121,0
558,2,6.28318530717959,1,2,0,0,2,0
559,190,0.395916751056934,0.899274070265134,38.5096636076993,6.27313159538174,-1.56744221161816,76,0
560,371,0.289186280057361,0.837466101722256,50.0747348980396,10.5412467785397,1.56655142254971,120,0
561,7,1.12860308007679,0.602487831260141,4.99392736656725,1.7726596149605,1.49561061279133,7,0
562,458,0.341083269281599,0.923673717091485,65.7113827572496,9.25726024018086,1.56772135384366,127,0
563,168,0.722873422095691,0.279268004297051,20.3863927831004,11.3233189326905,-0.000686456445204354,47,0
564,52,1.20223809063917,0,8.0955828411833,8.0955828411833,0,20,0
565,1,12.5663706143592,NA,0,0,0,1,0
566,1,12.5663706143592,NA,0,0,0,1,0
567,49,0.386786357538503,0.781105085311974,17.8938032493465,4.44411569277304,-1.45869033296676,33,0
568,600,0.264842206969168,0.958494564774567,87.592348259677,9.01709941782845,-1.56547349226048,165,0
569,211,0.599097613941181,0.194539105682949,22.4834665420532,14.0023738418198,-0.0266805478096659,57,0
570,1,12.5663706143592,NA,0,0,0,1,0
571,297,0.250170038177794,0.960654633734266,62.1752150127215,6.22831270321254,-1.56153410295634,118,0
572,1,12.5663706143592,NA,0,0,0,1,0
573,334,0.520008982855437,0.098889607121046,27.2683431482743,19.6923707188754,0.00634637225608203,77,0
574,265,0.874795903032126,0.00296382763090891,18.9404405690439,17.9359023331136,0.558236709320512,53,1
575,442,0.260422669827332,0.932409326187033,69.4834428642131,9.19023471221288,-1.54583564155017,139,0
576,4,2.15604833781059,0.206611570247934,2.82842712474619,1.73205080756888,1.5707963267949,4,0
577,478,0.245611566007271,0.939660954614432,73.65641254426,9.18722649886422,-1.55166943724859,151,0
578,1,12.5663706143592,NA,0,0,0,1,0
579,9,1.21277719001846,0.29469387755102,4.61880215351701,2.51415744421884,1.5707963267949,8,0
580,14,0.429342189837272,0.910238491511069,11.633952671834,1.78374815330644,1.35679250246076,14,0
581,1,12.5663706143592,NA,0,0,0,1,0
582,347,0.222343798709066,0.879143865064243,54.5667259156401,9.79021280901388,1.53210300817248,127,0
583,255,0.539469992140708,0.787204170723604,37.234859726853,9.10128956766006,-1.56361004784583,75,0
584,51,1.17911812735765,0.000185739285890489,8.11679449913428,8.00691742455226,-0.785398163397453,20,0
585,1,12.5663706143592,NA,0,0,0,1,0
586,1,12.5663706143592,NA,0,0,0,1,0
587,87,0.719872796591229,0.124027929961429,12.8923536090046,8.92368265154678,-0.272508517132743,34,0
588,1,12.5663706143592,NA,0,0,0,1,0
589,52,1.06865608056815,0.0586037958412099,9.1934969947612,7.18152404184026,0.976051565315334,21,0
590,4,1.39626340159546,1,4.47213595499958,0,1.5707963267949,4,0
591,5,0.98174770424681,1,5.65685424949238,0,0,5,0
592,43,0.142139765086093,0.987671370046905,33.2409448959031,1.85116686754753,1.55826516099288,42,0
593,7,0.610865238198015,1,8,0,1.5707963267949,7,0
594,336,0.454498290255727,0.815365828513026,46.3409012273003,10.4637458756407,-1.56223606440503,91,0
595,149,0.215497018257041,0.718516267623214,36.4705549941285,10.4724554096668,1.42452256253737,70,0
596,1,12.5663706143592,NA,0,0,0,1,0
597,13,0.239040280356445,0.976155679676651,14.6222646627865,1.13576751467902,-0.41948730108254,13,0
598,4,1.39626340159546,1,4.47213595499958,0,0,4,0
599,250,0.523088016570012,0.297042880272634,25.8078084206906,14.0049785619589,-1.00360234339148,62,0
600,38,0.711886685865387,0.609689782121518,11.830057430168,4.15021161320525,1.50123315582211,23,0
601,1,12.5663706143592,NA,0,0,0,1,0
602,240,0.473615948006331,0.729976805136794,36.9079565798843,10.3423733031552,1.56963142430903,74,0
603,237,0.275445423894305,0.134485470672927,25.2295199056531,17.1737758209697,0.392086422899719,81,0
604,134,0.692435515552666,0.509122312309734,21.3487756230693,8.7290784115443,-1.46746509374611,46,0
605,97,0.434422614156542,0.0731273258110302,15.405433351725,11.6744496300636,-0.838650647199573,46,0
606,38,0.479534606672251,0.590311572271884,13.7327296249056,4.97076814398016,1.00975306660247,26,0
607,84,0.535822663834584,0.00284090388951425,11.7922986452118,11.1796590539409,-0.559555193470313,37,0
608,4,1.39626340159546,1,4.47213595499958,0,0,4,0
609,1,12.5663706143592,NA,0,0,0,1,0
610,149,0.713891560741729,0.140734873033747,16.8542635738042,11.3612055316703,-0.0171988154163279,43,0
611,3,2.35619449019234,1,3.2659863237109,0,0,3,0
612,77,0.337348404293465,0.492380126044856,18.1406124960542,7.59519202995088,-0.0944972796643777,43,0
613,120,0.366525570649595,0.825347777039929,28.6689889948795,6.2778413673573,0.095180886435577,60,0
614,28,0.514855988460035,0.0848167099546811,8.40293808186529,6.22559061705101,-0.542398232590914,21,0
615,43,0.504477097942196,0.601724357413302,13.7426673899892,4.8841740084421,-0.188169177485863,26,0
616,100,0.504681708086827,0.589505428109599,19.7813445482139,7.16932408702844,0.111272606043775,44,0
617,118,0.672109980401735,0.603207099490458,20.7712070955203,7.36441678769822,0.131623004752141,42,0
618,29,0.42409810534739,0.768697927019111,14.6597938541202,3.75673213137436,0.107803225797201,26,0
619,43,0.388098076910457,0.8784194785398,19.3116337599733,3.4759018977932,0.064226824596011,34,0
620,4,3.14159265358979,0,2,2,0,4,0
621,35,0.589544467370083,0.710189873456371,13.5939784085297,3.9713869483763,0.356768944927337,24,0
622,49,0.700093069495475,0.651494423149663,13.8862202306435,4.53622117331399,-0.00905333644234723,28,0
623,1,12.5663706143592,NA,0,0,0,1,0
624,1,12.5663706143592,NA,0,0,0,1,0
